1 0.0000000 0.0000007 0.0000001 0.0000002 0.0000002
251 0.0000000 0.0000024 0.0000011 0.0000000 0.0000021
501 0.0000000 0.0001597 0.0000024 0.0000000 0.0000043
751 0.0000000 0.0000064 0.0000032 0.0000002 0.0000043
1001 0.0000000 0.0000827 0.0000042 0.0000000 0.0000086
1251 0.0000000 0.0000603 0.0000035 0.0000002 0.0000086
1501 0.0000000 0.0000365 0.0000033 0.0000000 0.0000086
1751 0.0000000 0.0000193 0.0000033 0.0000002 0.0000086
2001 0.0000000 0.0000169 0.0000034 0.0000000 0.0000086
2251 0.0000000 0.0000088 0.0000031 0.0000000 0.0000086
2501 0.0000000 0.0000165 0.0000033 0.0000000 0.0000086
2751 0.0000000 0.0000134 0.0000033 0.0000000 0.0000086
3001 0.0000000 0.0000098 0.0000031 0.0000000 0.0000062
3251 0.0000000 0.0000157 0.0000033 0.0000000 0.0000062
3501 0.0000000 0.0000100 0.0000035 0.0000000 0.0000062
3751 0.0000000 0.0000079 0.0000038 0.0000000 0.0000074
4001 0.0000000 0.0000107 0.0000042 0.0000000 0.0000074
4251 0.0000000 0.0000110 0.0000043 0.0000000 0.0000074
4501 0.0000000 0.0000114 0.0000046 0.0000000 0.0000091
4751 0.0000000 0.0000172 0.0000048 0.0000000 0.0000091
5001 0.0000000 0.0000110 0.0000051 0.0000000 0.0000091
5251 0.0000000 0.0000124 0.0000054 0.0000000 0.0000091
5501 0.0000000 0.0000389 0.0000056 0.0000000 0.0000091
5751 0.0000000 0.0000117 0.0000057 0.0000000 0.0000091
6001 0.0000000 0.0000136 0.0000061 0.0000000 0.0000122
6251 0.0000000 0.0000145 0.0000063 0.0000000 0.0000124
6501 0.0000000 0.0000131 0.0000068 0.0000000 0.0000124
6751 0.0000000 0.0000136 0.0000067 0.0000000 0.0000124
7001 0.0000000 0.0000143 0.0000070 0.0000000 0.0000124
7251 0.0000000 0.0000145 0.0000073 0.0000000 0.0000124
7501 0.0000000 0.0000169 0.0000074 0.0000000 0.0000124
7751 0.0000000 0.0000157 0.0000079 0.0000000 0.0000124
8001 0.0000000 0.0000162 0.0000080 0.0000000 0.0000124
8251 0.0000000 0.0000203 0.0000084 0.0000000 0.0000124
8501 0.0000000 0.0000196 0.0000086 0.0000000 0.0000124
8751 0.0000000 0.0000176 0.0000084 0.0000000 0.0000176
9001 0.0000000 0.0000181 0.0000092 0.0000000 0.0000176
9251 0.0000000 0.0000234 0.0000093 0.0000000 0.0000176
9501 0.0000000 0.0000191 0.0000096 0.0000000 0.0000176
9751 0.0000000 0.0000205 0.0000099 0.0000000 0.0000176
10001 0.0000000 0.0000203 0.0000105 0.0000000 0.0000176
10251 0.0000000 0.0000205 0.0000103 0.0000000 0.0000176
10501 0.0000000 0.0000210 0.0000108 0.0000000 0.0000176
10751 0.0000000 0.0000253 0.0000109 0.0000000 0.0000176
11001 0.0000000 0.0000238 0.0000109 0.0000000 0.0000176
11251 0.0000000 0.0000224 0.0000112 0.0000000 0.0000224
11501 0.0000000 0.0000231 0.0000115 0.0000000 0.0000224
11751 0.0000000 0.0000236 0.0000121 0.0000000 0.0000224
12001 0.0000000 0.0000324 0.0000126 0.0000000 0.0000224
12251 0.0000000 0.0000246 0.0000125 0.0000000 0.0000224
12501 0.0000000 0.0000250 0.0000128 0.0000000 0.0000224
12751 0.0000000 0.0000319 0.0000127 0.0000000 0.0000224
13001 0.0000000 0.0000262 0.0000126 0.0000000 0.0000224
13251 0.0000000 0.0000291 0.0000136 0.0000000 0.0000224
13501 0.0000002 0.0000293 0.0000134 0.0000000 0.0000224
13751 0.0000000 0.0000277 0.0000140 0.0000000 0.0000224
14001 0.0000000 0.0000281 0.0000141 0.0000000 0.0000224
14251 0.0000000 0.0000319 0.0000144 0.0000000 0.0000224
14501 0.0000000 0.0000310 0.0000148 0.0000000 0.0000224
14751 0.0000000 0.0000298 0.0000150 0.0000000 0.0000224
15001 0.0000000 0.0000300 0.0000148 0.0000000 0.0000224
15251 0.0000000 0.0000317 0.0000153 0.0000000 0.0000224
15501 0.0000000 0.0000315 0.0000154 0.0000000 0.0000224
15751 0.0000000 0.0000317 0.0000156 0.0000000 0.0000224
16001 0.0000000 0.0000322 0.0000159 0.0000000 0.0000224
16251 0.0000002 0.0000327 0.0000164 0.0000000 0.0000224
16501 0.0000000 0.0000350 0.0000161 0.0000000 0.0000224
16751 0.0000000 0.0000381 0.0000170 0.0000000 0.0000224
17001 0.0000000 0.0000341 0.0000170 0.0000000 0.0000224
17251 0.0000000 0.0000367 0.0000173 0.0000000 0.0000224
17501 0.0000000 0.0000353 0.0000176 0.0000000 0.0000224
17751 0.0000000 0.0000377 0.0000179 0.0000000 0.0000224
18001 0.0000000 0.0000379 0.0000177 0.0000000 0.0000224
18251 0.0000000 0.0000420 0.0000184 0.0000000 0.0000224
18501 0.0000000 0.0000374 0.0000192 0.0000000 0.0000224
18751 0.0000000 0.0000377 0.0000186 0.0000000 0.0000224
19001 0.0000000 0.0000391 0.0000195 0.0000000 0.0000224
19251 0.0000002 0.0000389 0.0000195 0.0000000 0.0000224
19501 0.0000000 0.0000417 0.0000194 0.0000000 0.0000391
19751 0.0000000 0.0000415 0.0000204 0.0000000 0.0000391
20001 0.0000000 0.0000420 0.0000197 0.0000000 0.0000391
20251 0.0000000 0.0000408 0.0000201 0.0000000 0.0000391
20501 0.0000000 0.0000412 0.0000203 0.0000000 0.0000391
20751 0.0000000 0.0000441 0.0000215 0.0000000 0.0000391
21001 0.0000002 0.0000429 0.0000213 0.0000000 0.0000422
21251 0.0000000 0.0000448 0.0000215 0.0000000 0.0000422
21501 0.0000000 0.0000446 0.0000215 0.0000000 0.0000422
21751 0.0000002 0.0000436 0.0000226 0.0000000 0.0000434
22001 0.0000000 0.0000441 0.0000227 0.0000000 0.0000434
22251 0.0000000 0.0000446 0.0000227 0.0000000 0.0000434
22501 0.0000000 0.0000451 0.0000231 0.0000000 0.0000434
22751 0.0000000 0.0000458 0.0000218 0.0000000 0.0000434
23001 0.0000000 0.0000463 0.0000223 0.0000000 0.0000434
23251 0.0000000 0.0000498 0.0000233 0.0000000 0.0000434
23501 0.0000000 0.0000472 0.0000231 0.0000000 0.0000434
23751 0.0000000 0.0000477 0.0000235 0.0000000 0.0000434
24001 0.0000002 0.0003140 0.0000250 0.0000000 0.0000434
24251 0.0000000 0.0000486 0.0000253 0.0000000 0.0000434
24501 0.0000000 0.0000494 0.0000249 0.0000000 0.0000434
24751 0.0000002 0.0000508 0.0000245 0.0000000 0.0000434
25001 0.0000000 0.0000501 0.0000255 0.0000000 0.0000434
25251 0.0000000 0.0000508 0.0000257 0.0000000 0.0000434
25501 0.0000000 0.0000534 0.0000264 0.0000000 0.0000434
25751 0.0000000 0.0000539 0.0000258 0.0000000 0.0000434
26001 0.0000000 0.0000520 0.0000259 0.0000000 0.0000434
26251 0.0000002 0.0000527 0.0000268 0.0000000 0.0000434
26501 0.0000000 0.0000541 0.0000263 0.0000000 0.0000434
26751 0.0000000 0.0000660 0.0000268 0.0000000 0.0000434
27001 0.0000000 0.0000930 0.0000275 0.0000000 0.0000434
27251 0.0000000 0.0000556 0.0000275 0.0000000 0.0000434
27501 0.0000002 0.0000551 0.0000278 0.0000000 0.0000434
27751 0.0000000 0.0000582 0.0000276 0.0000000 0.0000434
28001 0.0000000 0.0000560 0.0000277 0.0000000 0.0000434
28251 0.0000002 0.0000596 0.0000293 0.0000000 0.0000434
28501 0.0000000 0.0000575 0.0000286 0.0000000 0.0000434
28751 0.0000000 0.0000582 0.0000287 0.0000000 0.0000434
29001 0.0000000 0.0000582 0.0000299 0.0000000 0.0000434
29251 0.0000000 0.0000618 0.0000297 0.0000000 0.0000434
29501 0.0000000 0.0000594 0.0000291 0.0000000 0.0000434
29751 0.0000000 0.0000596 0.0000292 0.0000000 0.0000434
30001 0.0000002 0.0000601 0.0000302 0.0000000 0.0000434
30251 0.0000000 0.0000606 0.0000307 0.0000000 0.0000434
30501 0.0000000 0.0000610 0.0000318 0.0000000 0.0000434
30751 0.0000002 0.0000629 0.0000309 0.0000000 0.0000434
31001 0.0000002 0.0000627 0.0000318 0.0000000 0.0000434
31251 0.0000000 0.0000718 0.0000313 0.0000000 0.0000434
31501 0.0000002 0.0000632 0.0000316 0.0000000 0.0000434
31751 0.0000000 0.0000648 0.0000319 0.0000000 0.0000434
32001 0.0000000 0.0000708 0.0000318 0.0000000 0.0000434
32251 0.0000000 0.0000663 0.0000321 0.0000000 0.0000434
32501 0.0000000 0.0000651 0.0000334 0.0000000 0.0000434
32751 0.0000000 0.0000656 0.0000318 0.0000000 0.0000434
33001 0.0000000 0.0000663 0.0000332 0.0000000 0.0000434
33251 0.0000000 0.0000682 0.0000333 0.0000000 0.0000434
33501 0.0000000 0.0000708 0.0000330 0.0000000 0.0000434
33751 0.0000000 0.0000677 0.0000337 0.0000000 0.0000434
34001 0.0000000 0.0000687 0.0000346 0.0000000 0.0000434
34251 0.0000000 0.0000689 0.0000347 0.0000000 0.0000434
34501 0.0000000 0.0000718 0.0000348 0.0000000 0.0000434
34751 0.0000000 0.0000703 0.0000338 0.0000000 0.0000434
35001 0.0000002 0.0000720 0.0000346 0.0000000 0.0000434
35251 0.0000000 0.0000708 0.0000357 0.0000000 0.0000434
35501 0.0000000 0.0000710 0.0000368 0.0000000 0.0000434
35751 0.0000002 0.0000722 0.0000371 0.0000000 0.0000434
36001 0.0000000 0.0000722 0.0000350 0.0000000 0.0000434
36251 0.0000000 0.0000739 0.0000357 0.0000000 0.0000434
36501 0.0000002 0.0000732 0.0000357 0.0000000 0.0000434
36751 0.0000000 0.0000753 0.0000360 0.0000000 0.0000434
37001 0.0000000 0.0000739 0.0000369 0.0000000 0.0000434
37251 0.0000002 0.0000749 0.0000378 0.0000000 0.0000434
37501 0.0000000 0.0000813 0.0000383 0.0000000 0.0000434
37751 0.0000002 0.0000758 0.0000375 0.0000000 0.0000434
38001 0.0000000 0.0000789 0.0000373 0.0000000 0.0000434
38251 0.0000002 0.0000768 0.0000387 0.0000000 0.0000434
38501 0.0000000 0.0000794 0.0000385 0.0000000 0.0000434
38751 0.0000005 0.0000777 0.0000386 0.0000000 0.0000434
39001 0.0000002 0.0000806 0.0000397 0.0000002 0.0000434
39251 0.0000000 0.0000792 0.0000405 0.0000000 0.0000434
39501 0.0000002 0.0000792 0.0000399 0.0000000 0.0000434
39751 0.0000000 0.0000796 0.0000394 0.0000000 0.0000434
40001 0.0000000 0.0000801 0.0000400 0.0000000 0.0000434
40251 0.0000000 0.0000808 0.0000415 0.0000000 0.0000434
40501 0.0000000 0.0000813 0.0000402 0.0000000 0.0000434
40751 0.0000002 0.0000901 0.0000417 0.0000000 0.0000434
41001 0.0000000 0.0000830 0.0000412 0.0000000 0.0000434
41251 0.0000000 0.0000825 0.0000418 0.0000000 0.0000434
41501 0.0000000 0.0000832 0.0000426 0.0000000 0.0000434
41751 0.0000000 0.0000861 0.0000435 0.0000000 0.0000434
42001 0.0000000 0.0000842 0.0000417 0.0000000 0.0000434
42251 0.0000002 0.0000854 0.0000429 0.0000000 0.0000434
42501 0.0000002 0.0001161 0.0000423 0.0000000 0.0000434
42751 0.0000000 0.0000856 0.0000417 0.0000000 0.0000434
43001 0.0000000 0.0000863 0.0000431 0.0000000 0.0000434
43251 0.0000000 0.0000970 0.0000435 0.0000000 0.0000434
43501 0.0000000 0.0000873 0.0000424 0.0000000 0.0000434
43751 0.0000000 0.0000877 0.0000441 0.0000000 0.0000434
44001 0.0000002 0.0000882 0.0000442 0.0000000 0.0000434
44251 0.0000005 0.0000887 0.0000446 0.0000000 0.0000434
44501 0.0000005 0.0000894 0.0000449 0.0000000 0.0000434
44751 0.0000002 0.0000896 0.0000449 0.0000000 0.0000434
45001 0.0000002 0.0000916 0.0000438 0.0000000 0.0000434
45251 0.0000000 0.0000908 0.0000463 0.0000000 0.0000434
45501 0.0000000 0.0000916 0.0000455 0.0000000 0.0000434
45751 0.0000002 0.0000980 0.0000445 0.0000000 0.0000434
46001 0.0000000 0.0000920 0.0000460 0.0000000 0.0000434
46251 0.0000002 0.0000930 0.0000464 0.0000000 0.0000434
46501 0.0000000 0.0000947 0.0000478 0.0000000 0.0000434
46751 0.0000000 0.0000937 0.0000466 0.0000000 0.0000434
47001 0.0000000 0.0000949 0.0000478 0.0000000 0.0000434
47251 0.0000000 0.0000951 0.0000472 0.0000000 0.0000434
47501 0.0000000 0.0000961 0.0000472 0.0000000 0.0000434
47751 0.0000000 0.0000958 0.0000491 0.0000000 0.0000434
48001 0.0000000 0.0000963 0.0000491 0.0000000 0.0000434
48251 0.0000000 0.0000968 0.0000478 0.0000000 0.0000434
48501 0.0000002 0.0000970 0.0000484 0.0000000 0.0000434
48751 0.0000000 0.0000975 0.0000472 0.0000000 0.0000434
49001 0.0000000 0.0000989 0.0000487 0.0000000 0.0000982
49251 0.0000000 0.0001016 0.0000489 0.0000000 0.0000982
49501 0.0000002 0.0001018 0.0000493 0.0000000 0.0000982
49751 0.0000000 0.0000997 0.0000497 0.0000000 0.0000982
50001 0.0000000 0.0001001 0.0000502 0.0000000 0.0000982
