1 0.0000000 0.0000005 0.0000001 0.0000000 0.0000000
251 0.0000000 0.0000007 0.0000004 0.0000005 0.0000005
501 0.0000000 0.0000010 0.0000005 0.0000005 0.0000005
751 0.0000000 0.0000007 0.0000005 0.0000005 0.0000005
1001 0.0000000 0.0000145 0.0000005 0.0000005 0.0000007
1251 0.0000002 0.0000010 0.0000005 0.0000000 0.0000007
1501 0.0000002 0.0000010 0.0000005 0.0000005 0.0000007
1751 0.0000000 0.0000012 0.0000005 0.0000005 0.0000007
2001 0.0000002 0.0000010 0.0000005 0.0000007 0.0000005
2251 0.0000000 0.0000010 0.0000005 0.0000000 0.0000007
2501 0.0000002 0.0000010 0.0000005 0.0000000 0.0000005
2751 0.0000002 0.0000010 0.0000006 0.0000007 0.0000005
3001 0.0000002 0.0000010 0.0000006 0.0000000 0.0000005
3251 0.0000000 0.0000153 0.0000004 0.0000000 0.0000005
3501 0.0000000 0.0000091 0.0000004 0.0000000 0.0000005
3751 0.0000000 0.0000007 0.0000004 0.0000000 0.0000005
4001 0.0000000 0.0000005 0.0000003 0.0000000 0.0000002
4251 0.0000000 0.0000005 0.0000003 0.0000000 0.0000002
4501 0.0000000 0.0000005 0.0000003 0.0000000 0.0000002
4751 0.0000000 0.0000005 0.0000002 0.0000000 0.0000002
5001 0.0000000 0.0000005 0.0000002 0.0000002 0.0000002
5251 0.0000000 0.0000005 0.0000002 0.0000002 0.0000002
5501 0.0000000 0.0000005 0.0000002 0.0000000 0.0000002
5751 0.0000000 0.0000005 0.0000002 0.0000000 0.0000002
6001 0.0000000 0.0000005 0.0000002 0.0000000 0.0000002
6251 0.0000000 0.0000002 0.0000002 0.0000000 0.0000002
6501 0.0000000 0.0000005 0.0000002 0.0000000 0.0000002
6751 0.0000000 0.0000002 0.0000002 0.0000000 0.0000002
7001 0.0000000 0.0000002 0.0000002 0.0000000 0.0000000
7251 0.0000000 0.0000002 0.0000002 0.0000000 0.0000000
7501 0.0000000 0.0000002 0.0000002 0.0000000 0.0000000
7751 0.0000000 0.0000002 0.0000002 0.0000000 0.0000000
8001 0.0000000 0.0000002 0.0000002 0.0000000 0.0000000
8251 0.0000000 0.0000002 0.0000001 0.0000000 0.0000000
8501 0.0000000 0.0000002 0.0000002 0.0000000 0.0000000
8751 0.0000000 0.0000002 0.0000002 0.0000000 0.0000000
9001 0.0000000 0.0000002 0.0000002 0.0000000 0.0000000
9251 0.0000000 0.0000002 0.0000001 0.0000000 0.0000000
9501 0.0000000 0.0000002 0.0000001 0.0000000 0.0000000
9751 0.0000000 0.0000002 0.0000002 0.0000000 0.0000000
10001 0.0000000 0.0000002 0.0000002 0.0000000 0.0000000
10251 0.0000000 0.0000002 0.0000002 0.0000000 0.0000000
10501 0.0000000 0.0000002 0.0000002 0.0000000 0.0000000
10751 0.0000000 0.0000002 0.0000002 0.0000000 0.0000000
11001 0.0000000 0.0000002 0.0000002 0.0000000 0.0000000
11251 0.0000000 0.0000002 0.0000002 0.0000000 0.0000000
11501 0.0000000 0.0000002 0.0000002 0.0000000 0.0000000
11751 0.0000000 0.0000002 0.0000002 0.0000000 0.0000002
12001 0.0000000 0.0000002 0.0000002 0.0000000 0.0000002
12251 0.0000000 0.0000002 0.0000002 0.0000000 0.0000002
12501 0.0000000 0.0000002 0.0000002 0.0000000 0.0000002
12751 0.0000000 0.0000002 0.0000002 0.0000000 0.0000002
13001 0.0000000 0.0000002 0.0000002 0.0000000 0.0000002
13251 0.0000000 0.0000033 0.0000002 0.0000000 0.0000002
13501 0.0000000 0.0000002 0.0000002 0.0000000 0.0000002
13751 0.0000000 0.0000002 0.0000002 0.0000000 0.0000002
14001 0.0000000 0.0000002 0.0000002 0.0000000 0.0000002
14251 0.0000000 0.0000005 0.0000002 0.0000000 0.0000002
14501 0.0000000 0.0000002 0.0000002 0.0000000 0.0000002
14751 0.0000000 0.0000002 0.0000002 0.0000000 0.0000002
15001 0.0000000 0.0000002 0.0000002 0.0000000 0.0000002
15251 0.0000000 0.0000002 0.0000002 0.0000000 0.0000002
15501 0.0000000 0.0000002 0.0000002 0.0000002 0.0000002
15751 0.0000000 0.0000002 0.0000002 0.0000000 0.0000002
16001 0.0000000 0.0000002 0.0000002 0.0000000 0.0000002
16251 0.0000000 0.0000002 0.0000002 0.0000000 0.0000002
16501 0.0000000 0.0000002 0.0000002 0.0000000 0.0000002
16751 0.0000000 0.0000002 0.0000002 0.0000000 0.0000002
17001 0.0000000 0.0000002 0.0000002 0.0000000 0.0000002
17251 0.0000000 0.0000002 0.0000002 0.0000000 0.0000002
17501 0.0000000 0.0000002 0.0000002 0.0000000 0.0000002
17751 0.0000000 0.0000002 0.0000002 0.0000000 0.0000002
18001 0.0000000 0.0000002 0.0000002 0.0000000 0.0000002
18251 0.0000000 0.0000002 0.0000002 0.0000000 0.0000002
18501 0.0000000 0.0000005 0.0000002 0.0000000 0.0000002
18751 0.0000000 0.0000002 0.0000002 0.0000000 0.0000002
19001 0.0000000 0.0000002 0.0000002 0.0000000 0.0000002
19251 0.0000000 0.0000002 0.0000002 0.0000000 0.0000002
19501 0.0000000 0.0000002 0.0000002 0.0000000 0.0000002
19751 0.0000000 0.0000002 0.0000002 0.0000000 0.0000002
20001 0.0000000 0.0000002 0.0000002 0.0000000 0.0000002
20251 0.0000000 0.0000002 0.0000002 0.0000000 0.0000002
20501 0.0000000 0.0000002 0.0000002 0.0000000 0.0000002
20751 0.0000000 0.0000002 0.0000002 0.0000000 0.0000002
21001 0.0000000 0.0000002 0.0000002 0.0000000 0.0000002
21251 0.0000000 0.0000002 0.0000002 0.0000000 0.0000002
21501 0.0000000 0.0000002 0.0000002 0.0000000 0.0000002
21751 0.0000000 0.0000002 0.0000002 0.0000000 0.0000002
22001 0.0000000 0.0000002 0.0000002 0.0000000 0.0000002
22251 0.0000000 0.0000002 0.0000002 0.0000000 0.0000002
22501 0.0000000 0.0000002 0.0000002 0.0000000 0.0000002
22751 0.0000000 0.0000002 0.0000002 0.0000000 0.0000002
23001 0.0000000 0.0000002 0.0000002 0.0000000 0.0000002
23251 0.0000000 0.0000002 0.0000002 0.0000000 0.0000002
23501 0.0000000 0.0000005 0.0000002 0.0000000 0.0000002
23751 0.0000000 0.0000002 0.0000002 0.0000000 0.0000002
24001 0.0000000 0.0000002 0.0000002 0.0000000 0.0000002
24251 0.0000000 0.0000002 0.0000002 0.0000000 0.0000002
24501 0.0000000 0.0000002 0.0000002 0.0000000 0.0000002
24751 0.0000000 0.0000002 0.0000002 0.0000000 0.0000002
25001 0.0000000 0.0000002 0.0000002 0.0000000 0.0000002
25251 0.0000000 0.0000002 0.0000002 0.0000000 0.0000002
25501 0.0000000 0.0000055 0.0000002 0.0000000 0.0000002
25751 0.0000000 0.0000002 0.0000002 0.0000000 0.0000002
26001 0.0000000 0.0000002 0.0000002 0.0000000 0.0000002
26251 0.0000000 0.0000002 0.0000002 0.0000000 0.0000002
26501 0.0000000 0.0000005 0.0000002 0.0000000 0.0000002
26751 0.0000000 0.0000002 0.0000002 0.0000000 0.0000002
27001 0.0000000 0.0000031 0.0000002 0.0000000 0.0000002
27251 0.0000000 0.0000002 0.0000002 0.0000000 0.0000002
27501 0.0000000 0.0000002 0.0000002 0.0000000 0.0000002
27751 0.0000000 0.0000002 0.0000002 0.0000000 0.0000002
28001 0.0000000 0.0000002 0.0000002 0.0000000 0.0000002
28251 0.0000000 0.0000002 0.0000002 0.0000000 0.0000000
28501 0.0000000 0.0000002 0.0000002 0.0000000 0.0000000
28751 0.0000000 0.0000002 0.0000002 0.0000000 0.0000000
29001 0.0000000 0.0000031 0.0000002 0.0000000 0.0000000
29251 0.0000000 0.0000002 0.0000002 0.0000000 0.0000000
29501 0.0000000 0.0000002 0.0000002 0.0000000 0.0000000
29751 0.0000000 0.0000002 0.0000002 0.0000000 0.0000000
30001 0.0000000 0.0000002 0.0000002 0.0000000 0.0000000
30251 0.0000000 0.0000002 0.0000002 0.0000000 0.0000000
30501 0.0000000 0.0000002 0.0000002 0.0000000 0.0000000
30751 0.0000000 0.0000002 0.0000002 0.0000000 0.0000000
31001 0.0000000 0.0000005 0.0000002 0.0000000 0.0000000
31251 0.0000000 0.0000002 0.0000002 0.0000000 0.0000000
31501 0.0000000 0.0000002 0.0000002 0.0000000 0.0000000
31751 0.0000000 0.0000002 0.0000002 0.0000000 0.0000000
32001 0.0000000 0.0000002 0.0000002 0.0000000 0.0000000
32251 0.0000000 0.0000005 0.0000002 0.0000000 0.0000000
32501 0.0000000 0.0000002 0.0000002 0.0000000 0.0000000
32751 0.0000000 0.0000002 0.0000002 0.0000000 0.0000000
33001 0.0000000 0.0000002 0.0000002 0.0000000 0.0000000
33251 0.0000000 0.0000005 0.0000002 0.0000000 0.0000000
33501 0.0000000 0.0000002 0.0000002 0.0000002 0.0000000
33751 0.0000000 0.0000002 0.0000002 0.0000000 0.0000000
34001 0.0000000 0.0000002 0.0000002 0.0000000 0.0000000
34251 0.0000000 0.0000005 0.0000002 0.0000000 0.0000000
34501 0.0000000 0.0000002 0.0000002 0.0000000 0.0000000
34751 0.0000000 0.0000002 0.0000002 0.0000002 0.0000000
35001 0.0000000 0.0000002 0.0000002 0.0000000 0.0000000
35251 0.0000000 0.0000031 0.0000002 0.0000000 0.0000000
35501 0.0000000 0.0000002 0.0000002 0.0000000 0.0000000
35751 0.0000000 0.0000005 0.0000002 0.0000002 0.0000000
36001 0.0000000 0.0000002 0.0000002 0.0000000 0.0000000
36251 0.0000000 0.0000002 0.0000002 0.0000000 0.0000000
36501 0.0000000 0.0000002 0.0000002 0.0000000 0.0000000
36751 0.0000000 0.0000002 0.0000002 0.0000000 0.0000000
37001 0.0000000 0.0000002 0.0000002 0.0000000 0.0000000
37251 0.0000000 0.0000002 0.0000002 0.0000000 0.0000000
37501 0.0000000 0.0000005 0.0000002 0.0000000 0.0000000
37751 0.0000000 0.0000005 0.0000002 0.0000000 0.0000000
38001 0.0000000 0.0000005 0.0000002 0.0000000 0.0000000
38251 0.0000000 0.0000005 0.0000002 0.0000000 0.0000000
38501 0.0000000 0.0000005 0.0000002 0.0000000 0.0000000
38751 0.0000000 0.0000002 0.0000002 0.0000000 0.0000000
39001 0.0000000 0.0000005 0.0000002 0.0000000 0.0000000
39251 0.0000000 0.0000002 0.0000002 0.0000000 0.0000000
39501 0.0000000 0.0000005 0.0000002 0.0000000 0.0000000
39751 0.0000000 0.0000005 0.0000002 0.0000000 0.0000000
40001 0.0000000 0.0000002 0.0000002 0.0000000 0.0000000
40251 0.0000000 0.0000002 0.0000002 0.0000000 0.0000000
40501 0.0000000 0.0000002 0.0000002 0.0000000 0.0000000
40751 0.0000000 0.0000005 0.0000002 0.0000000 0.0000000
41001 0.0000000 0.0000005 0.0000002 0.0000000 0.0000000
41251 0.0000000 0.0000005 0.0000002 0.0000000 0.0000000
41501 0.0000000 0.0000005 0.0000002 0.0000000 0.0000000
41751 0.0000000 0.0000005 0.0000002 0.0000000 0.0000000
42001 0.0000000 0.0000002 0.0000002 0.0000000 0.0000000
42251 0.0000000 0.0000005 0.0000002 0.0000002 0.0000000
42501 0.0000000 0.0000002 0.0000002 0.0000000 0.0000000
42751 0.0000000 0.0000002 0.0000002 0.0000000 0.0000000
43001 0.0000000 0.0000005 0.0000002 0.0000000 0.0000000
43251 0.0000000 0.0000005 0.0000002 0.0000000 0.0000000
43501 0.0000000 0.0000002 0.0000002 0.0000000 0.0000000
43751 0.0000000 0.0000002 0.0000002 0.0000000 0.0000000
44001 0.0000000 0.0000002 0.0000002 0.0000000 0.0000000
44251 0.0000000 0.0000002 0.0000002 0.0000000 0.0000000
44501 0.0000000 0.0000002 0.0000002 0.0000000 0.0000000
44751 0.0000000 0.0000002 0.0000002 0.0000000 0.0000000
45001 0.0000000 0.0000002 0.0000002 0.0000000 0.0000000
45251 0.0000000 0.0000002 0.0000002 0.0000002 0.0000000
45501 0.0000000 0.0000005 0.0000002 0.0000000 0.0000000
45751 0.0000000 0.0000029 0.0000002 0.0000000 0.0000000
46001 0.0000000 0.0000005 0.0000002 0.0000000 0.0000000
46251 0.0000000 0.0000005 0.0000002 0.0000000 0.0000000
46501 0.0000000 0.0000002 0.0000002 0.0000000 0.0000000
46751 0.0000000 0.0000005 0.0000002 0.0000000 0.0000000
47001 0.0000000 0.0000002 0.0000002 0.0000000 0.0000000
47251 0.0000000 0.0000002 0.0000002 0.0000000 0.0000000
47501 0.0000000 0.0000005 0.0000002 0.0000000 0.0000000
47751 0.0000000 0.0000005 0.0000002 0.0000000 0.0000000
48001 0.0000000 0.0000005 0.0000002 0.0000000 0.0000000
48251 0.0000000 0.0000002 0.0000002 0.0000000 0.0000002
48501 0.0000000 0.0000005 0.0000002 0.0000000 0.0000002
48751 0.0000000 0.0000005 0.0000002 0.0000000 0.0000002
49001 0.0000000 0.0000005 0.0000002 0.0000000 0.0000002
49251 0.0000000 0.0000002 0.0000002 0.0000000 0.0000002
49501 0.0000000 0.0000002 0.0000002 0.0000000 0.0000002
49751 0.0000000 0.0000005 0.0000002 0.0000000 0.0000002
50001 0.0000000 0.0000002 0.0000002 0.0000000 0.0000002
